3 181 133 96 96 0.352
11 217 37 96 96 0.715
12 265 73 96 96 0.475
12 1 193 96 96 0.108
12 145 157 96 96 0.059
13 141 266 124 124 0.136
17 217 253 96 96 0.918
17 126 16 124 124 0.573
17 241 109 96 96 0.089
17 325 253 96 96 0.025
19 169 289 96 96 0.093
21 205 97 96 96 0.721
21 145 25 96 96 0.699
28 337 193 96 96 0.068
29 172 16 124 124 1.277
31 126 204 124 124 0.137
32 169 1 96 96 1.326
33 157 1 124 124 0.182
34 49 349 96 96 0.014
35 265 49 96 96 0.226
37 126 204 124 124 0.188
38 145 97 96 96 1.036
38 157 13 96 96 0.519
41 109 349 96 96 0.977
41 1 157 96 96 0.364
41 133 1 96 96 0.246
42 277 49 96 96 0.185
44 265 133 96 96 0.497
44 313 301 96 96 0.243
48 145 301 96 96 1.329
57 181 133 96 96 0.762
57 25 1 96 96 0.479
57 265 133 96 96 0.248
57 85 169 96 96 0.024
58 250 48 124 124 0.055
59 123 42 162 162 0.996
62 250 79 124 124 1.155
62 169 169 96 96 0.056
63 289 1 96 96 0.243
63 325 97 96 96 0.100
65 205 349 96 96 0.180
66 193 85 96 96 0.420
66 188 235 124 124 0.088
76 85 121 96 96 0.169
77 325 109 96 96 0.207
78 188 126 124 124 0.335
79 349 133 96 96 0.025
80 169 73 96 96 0.771
81 145 277 96 96 0.513
84 265 49 96 96 0.185
84 63 1 124 124 0.077
84 109 121 96 96 0.052
85 169 97 96 96 0.372
85 250 63 124 124 0.264
88 109 13 96 96 0.874
88 217 169 96 96 0.726
88 172 266 124 124 0.157
91 49 49 96 96 0.347
91 37 229 96 96 0.100
95 121 265 96 96 0.288
96 289 97 96 96 0.615
98 62 1 162 162 0.861
99 1 250 124 124 0.379
103 25 85 96 96 1.432
103 97 121 96 96 0.555
103 25 193 96 96 0.496
105 62 184 162 162 0.714
105 141 16 124 124 0.549
109 193 121 96 96 0.291
111 266 79 124 124 0.436
112 16 94 124 124 1.544
112 61 25 96 96 0.905
112 145 49 96 96 0.196
115 205 157 96 96 0.359
119 193 97 96 96 0.060
120 169 13 96 96 0.979
121 229 349 96 96 0.359
125 145 157 96 96 0.172
127 145 37 96 96 0.164
131 337 97 96 96 3.761
131 172 94 124 124 0.023
132 123 123 162 162 0.579
132 289 145 96 96 0.139
133 61 265 96 96 0.375
139 205 169 96 96 0.182
141 97 145 96 96 0.399
142 253 109 96 96 0.680
143 169 1 96 96 0.215
147 349 97 96 96 0.347
150 49 97 96 96 0.115
152 193 85 96 96 1.068
152 229 1 96 96 0.879
152 145 37 96 96 0.194
152 25 85 96 96 0.170
155 157 205 96 96 0.988
155 265 13 96 96 0.461
155 145 37 96 96 0.291
157 217 61 96 96 0.664
158 13 133 96 96 2.552
160 277 169 96 96 0.157
162 157 205 96 96 0.145
162 169 13 96 96 0.008
163 121 1 96 96 1.081
163 313 25 96 96 0.091
164 349 61 96 96 0.175
164 204 110 124 124 0.130
166 250 94 124 124 0.302
170 25 97 96 96 0.012
173 337 193 96 96 0.336
173 181 1 96 96 0.221
174 193 49 96 96 0.156
177 13 325 96 96 0.116
178 181 73 96 96 0.239
179 121 121 96 96 0.803
180 325 229 96 96 0.957
180 205 181 96 96 0.103
180 253 85 96 96 0.034
181 63 235 124 124 0.134
184 157 1 124 124 0.505
184 253 121 96 96 0.225
185 133 133 96 96 0.074
186 133 49 96 96 0.272
190 349 145 96 96 1.446
190 217 157 96 96 1.083
190 109 109 96 96 0.160
190 313 1 96 96 0.058
191 1 21 162 162 1.690
193 157 145 96 96 0.097
193 229 109 96 96 0.076
195 169 13 96 96 0.295
195 49 265 96 96 0.222
201 73 49 96 96 0.312
202 337 265 96 96 0.116
203 25 157 96 96 0.052
205 48 48 124 124 0.935
207 253 157 96 96 0.061
210 110 16 124 124 0.285
221 16 141 124 124 0.021
224 193 25 96 96 0.717
225 82 143 162 162 0.701
229 313 169 96 96 0.555
229 13 97 96 96 0.245
230 349 217 96 96 0.366
231 253 1 96 96 0.980
233 253 121 96 96 0.439
235 13 169 96 96 0.188
236 82 184 162 162 0.846
236 229 241 96 96 0.632
236 133 301 96 96 0.481
236 97 133 96 96 0.320
236 188 63 124 124 0.164
238 204 1 162 162 0.426
239 37 109 96 96 0.586
242 181 289 96 96 0.783
242 79 188 124 124 0.074
247 349 61 96 96 0.470
250 13 97 96 96 0.468
251 49 13 96 96 1.104
262 217 109 96 96 0.261
264 169 193 96 96 0.407
264 121 73 96 96 0.190
264 1 1 162 162 0.162
264 205 133 96 96 0.036
269 13 85 96 96 0.864
269 349 241 96 96 0.160
273 325 121 96 96 0.892
276 141 63 124 124 0.261
276 37 109 96 96 0.209
276 97 157 96 96 0.013
278 157 289 96 96 0.494
281 13 109 96 96 0.161
284 25 25 96 96 0.176
286 229 85 96 96 0.964
286 145 169 96 96 0.199
287 172 79 124 124 0.293
287 85 313 96 96 0.036
288 169 61 96 96 0.577
293 325 25 96 96 0.087
294 193 73 96 96 0.710
294 94 79 124 124 0.023
295 253 109 96 96 0.195
300 110 48 124 124 0.640
300 49 1 96 96 0.185
304 13 133 96 96 0.200
305 313 109 96 96 0.007
309 241 301 96 96 0.116
311 250 94 124 124 0.011
312 301 1 96 96 0.367
313 73 205 96 96 0.051
315 73 313 96 96 0.687
315 85 1 96 96 0.658
315 157 49 96 96 0.176
318 110 250 124 124 0.502
321 301 145 96 96 0.974
322 325 169 96 96 0.023
322 143 103 162 162 0.001
323 253 265 96 96 0.984
323 143 184 162 162 0.685
323 103 21 162 162 0.523
323 97 349 96 96 0.458
323 25 37 96 96 0.120
323 265 109 96 96 0.048
324 265 181 96 96 0.188
324 193 49 96 96 0.103
324 282 94 124 124 0.007
325 169 265 96 96 0.030
328 181 193 96 96 0.029
329 289 229 96 96 0.489
331 145 253 96 96 0.513
331 169 109 96 96 0.409
331 289 217 96 96 0.349
332 337 73 96 96 0.785
332 1 109 96 96 0.128
332 241 121 96 96 0.111
337 145 25 96 96 0.034
339 49 1 96 96 0.638
339 337 49 96 96 0.435
339 229 229 96 96 0.184
339 235 1 124 124 0.000
340 49 217 96 96 0.483
340 229 97 96 96 0.205
341 265 97 96 96 0.724
343 172 110 124 124 0.621
343 61 217 96 96 0.016
348 13 121 96 96 0.396
348 25 313 96 96 0.010
349 205 193 96 96 0.519
350 97 289 96 96 0.056
351 229 205 96 96 0.177
352 110 219 124 124 0.091
355 169 97 96 96 0.173
355 169 169 96 96 0.053
356 73 109 96 96 0.455
356 1 49 96 96 0.149
358 13 301 96 96 0.348
360 301 109 96 96 0.907
360 337 1 96 96 0.359
362 145 1 96 96 1.663
363 217 49 96 96 0.544
363 13 181 96 96 0.090
364 145 289 96 96 0.283
365 205 169 96 96 0.418
365 349 61 96 96 0.321
366 265 133 96 96 0.377
368 37 157 96 96 0.096
369 157 110 124 124 0.813
370 229 37 96 96 0.393
372 325 25 96 96 0.385
372 241 37 96 96 0.305
374 241 109 96 96 0.848
376 205 193 96 96 0.093
377 217 97 96 96 0.342
377 94 1 124 124 0.020
379 313 121 96 96 0.450
379 143 21 162 162 0.020
383 204 172 124 124 0.189
385 188 266 124 124 1.376
385 205 109 96 96 0.899
390 25 301 96 96 0.023
394 123 21 162 162 0.098
403 301 37 96 96 0.456
403 205 109 96 96 0.405
404 325 145 96 96 0.502
405 109 265 96 96 0.813
406 85 253 96 96 0.295
410 13 217 96 96 0.574
411 1 25 96 96 0.630
415 181 1 96 96 0.030
418 229 157 96 96 0.217
420 25 37 96 96 2.385
420 13 301 96 96 2.081
420 217 73 96 96 0.861
420 1 169 96 96 0.754
426 253 229 96 96 0.158
429 97 265 96 96 0.516
431 277 193 96 96 0.176
435 133 13 96 96 0.078
437 325 49 96 96 0.238
439 13 313 96 96 0.613
440 121 49 96 96 0.080
440 16 157 124 124 0.052
442 97 13 96 96 0.139
446 337 37 96 96 0.360
448 169 157 96 96 0.303
451 1 133 96 96 0.025
459 1 85 96 96 1.400
459 217 181 96 96 0.301
459 37 13 96 96 0.098
459 205 49 96 96 0.018
465 349 169 96 96 0.094
466 235 48 124 124 0.366
466 301 193 96 96 0.131
467 133 193 96 96 0.072
468 157 1 96 96 0.060
473 250 16 124 124 0.078
474 289 109 96 96 0.599
475 217 1 96 96 0.498
482 205 25 96 96 0.461
483 253 13 96 96 0.806
483 301 289 96 96 0.025
487 349 145 96 96 0.101
487 241 97 96 96 0.052
488 181 13 96 96 0.766
488 157 229 96 96 0.508
488 277 97 96 96 0.358
488 229 277 96 96 0.029
488 73 241 96 96 0.028
491 241 97 96 96 0.483
493 13 145 96 96 1.372
493 126 32 124 124 0.470
493 266 32 124 124 0.287
496 219 94 124 124 0.026
500 253 241 96 96 0.212
502 121 1 96 96 0.355
502 145 229 96 96 0.188
505 157 73 96 96 0.314
505 253 205 96 96 0.088
508 229 157 96 96 0.167
512 121 253 96 96 1.850
512 235 141 124 124 0.171
514 229 253 96 96 0.312
515 349 169 96 96 0.234
516 49 157 96 96 0.564
518 61 229 96 96 0.213
520 37 145 96 96 0.287
521 265 13 96 96 0.017
525 193 25 96 96 1.216
525 349 109 96 96 0.056
526 277 217 96 96 0.452
526 325 121 96 96 0.173
526 62 42 162 162 0.040
531 265 1 96 96 0.432
533 229 25 96 96 0.276
535 325 205 96 96 0.028
537 181 73 96 96 0.306
537 205 181 96 96 0.036
541 73 229 96 96 0.447
541 266 141 124 124 0.344
541 235 1 124 124 0.313
541 109 1 96 96 0.264
544 188 48 124 124 0.359
546 145 121 96 96 0.244
547 241 181 96 96 1.700
548 97 253 96 96 0.368
552 266 172 124 124 0.786
553 141 126 124 124 0.209
554 205 229 96 96 0.255
556 229 205 96 96 0.638
557 169 13 96 96 0.660
558 204 42 162 162 0.061
560 97 169 96 96 0.107
563 265 73 96 96 0.511
563 13 1 96 96 0.006
564 265 37 96 96 1.123
566 241 49 96 96 0.702
571 265 253 96 96 0.817
572 121 301 96 96 0.323
573 266 63 124 124 1.284
573 61 205 96 96 0.275
575 217 133 96 96 0.120
575 217 253 96 96 0.064
579 109 313 96 96 0.641
579 193 325 96 96 0.161
579 25 205 96 96 0.064
587 193 325 96 96 1.456
587 229 229 96 96 0.600
590 157 49 96 96 0.433
590 25 97 96 96 0.275
596 250 157 124 124 0.535
597 97 73 96 96 0.086
598 217 85 96 96 0.364
598 301 37 96 96 0.112
598 289 145 96 96 0.012
599 204 62 162 162 0.768
601 169 61 96 96 0.036
602 325 133 96 96 0.853
602 204 110 124 124 0.012
604 217 277 96 96 0.163
604 126 1 124 124 0.088
604 110 126 124 124 0.014
604 32 282 124 124 0.011
610 349 61 96 96 0.197
613 145 37 96 96 0.040
614 32 204 124 124 0.368
614 141 266 124 124 0.258
620 349 109 96 96 0.917
620 205 85 96 96 0.433
620 250 157 124 124 0.380
621 1 253 96 96 0.097
621 205 193 96 96 0.020
622 13 145 96 96 0.357
623 97 1 96 96 0.596
623 337 241 96 96 0.588
623 219 188 124 124 0.149
626 133 157 96 96 2.177
626 229 109 96 96 1.554
626 97 61 96 96 0.695
629 253 73 96 96 0.065
630 217 13 96 96 0.299
631 121 193 96 96 0.387
631 301 265 96 96 0.155
632 121 121 96 96 1.290
632 265 97 96 96 0.535
633 97 61 96 96 0.855
633 73 169 96 96 0.649
633 289 157 96 96 0.455
637 133 145 96 96 0.354
640 157 109 96 96 0.510
640 229 49 96 96 0.447
640 229 253 96 96 0.435
644 181 217 96 96 0.057
647 229 145 96 96 0.292
647 217 49 96 96 0.125
649 21 21 162 162 0.425
649 193 241 96 96 0.302
649 37 169 96 96 0.134
649 217 13 96 96 0.088
650 253 97 96 96 0.694
653 37 1 96 96 1.376
653 181 325 96 96 0.875
653 37 85 96 96 0.315
654 37 1 96 96 0.771
661 204 42 162 162 0.516
661 313 133 96 96 0.493
661 121 1 96 96 0.085
662 205 37 96 96 0.455
662 205 109 96 96 0.078
664 169 37 96 96 0.745
665 241 13 96 96 0.128
672 241 109 96 96 0.069
677 184 1 162 162 0.351
679 289 85 96 96 0.514
681 289 133 96 96 0.328
684 301 253 96 96 0.510
694 250 48 124 124 0.622
696 217 37 96 96 0.103
697 325 61 96 96 0.869
698 25 49 96 96 0.478
702 85 37 96 96 1.359
705 282 204 124 124 0.443
706 157 217 96 96 0.006
711 110 1 124 124 0.071
711 63 126 124 124 0.069
715 133 229 96 96 0.273
719 145 265 96 96 1.097
719 169 73 96 96 0.041
722 181 193 96 96 0.009
724 188 16 124 124 0.227
727 49 337 96 96 2.549
727 85 241 96 96 1.144
727 181 253 96 96 0.281
727 145 325 96 96 0.134
736 204 79 124 124 0.070
737 325 13 96 96 0.249
738 13 13 96 96 0.897
738 85 301 96 96 0.568
738 85 73 96 96 0.064
739 289 109 96 96 0.718
739 349 265 96 96 0.017
749 109 289 96 96 1.635
754 301 37 96 96 0.444
757 217 289 96 96 0.216
759 1 37 96 96 0.012
763 181 73 96 96 0.284
763 217 169 96 96 0.152
764 169 1 96 96 0.626
767 181 217 96 96 0.107
774 349 217 96 96 0.476
774 325 85 96 96 0.312
777 217 13 96 96 0.506
779 85 253 96 96 0.030
784 204 1 124 124 0.733
786 181 1 96 96 0.510
786 282 94 124 124 0.287
789 32 1 124 124 0.241
792 313 37 96 96 0.593
796 13 181 96 96 0.425
799 289 37 96 96 0.967
803 265 277 96 96 0.662
803 133 1 96 96 0.453
803 205 313 96 96 0.008
805 253 205 96 96 1.401
805 217 121 96 96 0.977
805 325 109 96 96 0.451
805 97 61 96 96 0.307
808 49 37 96 96 2.066
808 1 145 96 96 0.185
808 109 157 96 96 0.175
811 193 349 96 96 1.138
822 253 133 96 96 0.086
827 32 157 124 124 0.021
829 325 193 96 96 0.947
830 32 282 124 124 0.384
830 157 133 96 96 0.350
830 48 63 124 124 0.190
831 266 16 124 124 0.585
832 250 32 124 124 0.293
832 325 181 96 96 0.285
833 349 241 96 96 0.821
833 282 110 124 124 0.310
835 48 282 124 124 1.442
835 181 73 96 96 0.649
836 37 265 96 96 0.772
836 289 265 96 96 0.419
842 145 73 96 96 0.589
843 193 145 96 96 1.510
844 253 1 96 96 0.115
846 301 61 96 96 0.262
847 73 73 96 96 1.106
847 16 188 124 124 0.241
851 265 205 96 96 0.042
854 289 97 96 96 0.329
855 141 282 124 124 0.420
856 241 97 96 96 0.714
856 157 219 124 124 0.659
857 157 157 96 96 0.754
859 169 181 96 96 0.811
861 277 325 96 96 0.822
861 32 219 124 124 0.314
864 37 25 96 96 0.319
864 126 204 124 124 0.298
868 277 337 96 96 0.596
869 265 37 96 96 0.089
871 235 32 124 124 0.188
874 188 282 124 124 0.805
874 16 204 124 124 0.242
874 110 94 124 124 0.229
875 313 1 96 96 2.383
875 289 145 96 96 1.957
875 107 54 210 210 0.398
875 37 49 96 96 0.138
876 49 25 96 96 0.335
878 13 73 96 96 0.528
880 16 204 124 124 0.526
880 253 13 96 96 0.139
880 1 349 96 96 0.029
882 217 49 96 96 0.285
884 16 1 124 124 1.786
888 172 266 124 124 1.638
888 157 37 96 96 0.398
890 133 25 96 96 0.031
891 94 219 124 124 0.741
891 94 32 124 124 0.606
892 241 193 96 96 0.012
894 193 61 96 96 1.470
896 97 193 96 96 0.211
897 282 172 124 124 0.742
897 277 73 96 96 0.428
901 337 169 96 96 0.879
901 277 133 96 96 0.252
901 204 21 162 162 0.007
904 181 1 96 96 0.306
904 181 145 96 96 0.123
905 169 13 96 96 1.042
905 1 253 96 96 0.224
907 301 121 96 96 0.852
907 123 82 162 162 0.384
909 301 253 96 96 0.503
910 163 143 162 162 0.385
910 1 204 162 162 0.199
910 235 250 124 124 0.034
914 181 37 96 96 0.035
915 25 109 96 96 1.758
915 97 169 96 96 0.221
917 325 121 96 96 0.342
927 37 1 96 96 0.130
930 205 13 96 96 0.385
932 301 13 96 96 0.508
932 349 121 96 96 0.034
940 163 62 162 162 0.390
942 253 133 96 96 0.643
942 325 193 96 96 0.154
943 16 110 124 124 0.526
943 193 1 96 96 0.506
945 337 169 96 96 0.175
947 61 109 96 96 0.051
951 141 172 124 124 0.442
951 109 61 96 96 0.185
954 193 121 96 96 0.815
959 325 169 96 96 0.696
959 349 277 96 96 0.168
959 250 204 124 124 0.069
959 349 97 96 96 0.020
961 229 13 96 96 0.497
962 219 250 124 124 0.084
963 110 141 124 124 0.046
965 133 49 96 96 0.773
968 253 85 96 96 0.703
970 235 1 124 124 0.459
972 37 265 96 96 0.016
973 157 235 124 124 0.268
973 157 32 124 124 0.107
974 313 13 96 96 0.967
976 157 25 96 96 0.024
978 289 73 96 96 0.301
983 229 169 96 96 1.092
984 133 109 96 96 0.009
988 82 184 162 162 0.972
991 49 1 96 96 0.519
993 181 1 96 96 0.546
994 181 97 96 96 0.540
994 289 85 96 96 0.193
994 61 217 96 96 0.115
995 241 73 96 96 0.232
996 109 169 96 96 0.317
996 217 169 96 96 0.251
997 301 217 96 96 0.657
998 235 126 124 124 0.539
999 145 25 96 96 0.199
1000 217 265 96 96 0.794
1000 188 32 124 124 0.685
1000 349 169 96 96 0.462
1000 85 25 96 96 0.340
