1 217 1 64 64 0.332
1 132 58 132 132 0.075
3 208 217 64 64 0.647
3 292 76 76 76 0.384
3 282 163 76 76 0.368
3 182 131 92 92 0.213
4 334 181 64 64 1.168
4 144 169 92 92 0.637
5 181 208 64 64 0.114
6 307 118 64 64 0.338
6 172 91 64 64 0.337
6 244 208 64 64 0.019
7 10 217 64 64 0.063
8 314 130 76 76 0.026
9 282 95 132 132 0.307
11 303 109 76 76 1.429
11 203 32 110 110 1.112
11 221 247 92 92 0.450
12 154 190 64 64 1.351
12 1 195 92 92 0.856
12 195 12 76 76 0.729
12 253 208 64 64 0.591
12 336 152 76 76 0.455
12 163 109 64 64 0.373
12 266 63 110 110 0.310
13 154 334 64 64 0.149
14 244 127 64 64 0.374
16 145 118 64 64 0.451
16 273 14 92 92 0.019
17 253 280 64 64 2.059
17 234 118 92 92 0.640
17 132 20 132 132 0.423
17 184 260 76 76 0.240
17 379 208 64 64 0.100
17 307 181 64 64 0.078
17 181 136 64 64 0.009
17 312 235 110 110 0.008
18 64 19 64 64 0.521
18 253 118 64 64 0.246
18 22 120 76 76 0.062
19 46 379 64 64 1.151
19 182 53 92 92 0.130
21 163 37 64 64 2.243
21 253 55 64 64 1.898
21 10 55 64 64 1.503
21 217 98 76 76 1.335
21 91 37 64 64 0.870
23 282 114 132 132 0.578
23 87 98 76 76 0.399
23 298 10 64 64 0.053
24 152 282 76 76 0.777
24 66 286 92 92 0.152
25 68 132 229 229 0.611
25 163 87 76 76 0.537
25 12 228 76 76 0.393
25 12 357 76 76 0.059
27 244 226 64 64 0.106
28 338 195 92 92 0.211
29 188 20 132 132 1.046
29 208 181 64 64 0.500
29 282 228 76 76 0.326
29 244 208 64 64 0.276
30 370 190 64 64 0.956
30 289 262 64 64 0.368
31 195 260 76 76 0.514
31 343 100 64 64 0.273
32 169 1 92 92 1.388
32 127 343 64 64 0.569
32 73 19 64 64 0.500
34 226 109 64 64 0.984
34 48 328 110 110 0.652
34 184 325 76 76 0.332
34 163 228 76 76 0.118
35 292 174 76 76 0.876
35 260 53 92 92 0.107
38 144 105 92 92 1.207
38 141 1 110 110 1.159
38 235 95 110 110 0.673
39 338 195 92 92 0.020
41 73 325 64 64 1.172
41 120 357 76 76 0.917
41 136 28 64 64 0.755
41 66 55 76 76 0.738
41 12 141 76 76 0.406
42 282 55 76 76 0.453
42 238 249 76 76 0.392
42 249 130 76 76 0.126
44 312 297 110 110 0.430
44 338 27 92 92 0.123
44 48 266 110 110 0.074
46 1 260 76 76 0.904
46 48 141 110 110 0.415
46 10 190 64 64 0.288
48 141 281 110 110 1.839
49 199 64 64 64 0.265
49 379 10 64 64 0.148
50 271 55 64 64 0.209
52 109 109 64 64 0.178
53 262 127 64 64 0.443
56 228 314 76 76 0.815
56 208 92 92 92 0.002
57 82 19 64 64 1.575
57 33 217 76 76 0.993
57 361 46 64 64 0.704
57 195 66 92 92 0.526
57 157 126 110 110 0.442
57 307 82 64 64 0.262
57 280 163 64 64 0.035
58 271 33 76 76 0.249
58 334 100 64 64 0.223
58 82 190 64 64 0.111
58 346 174 76 76 0.091
59 159 69 159 159 0.669
59 271 47 159 159 0.080
61 44 184 76 76 0.351
62 263 95 132 132 0.900
62 169 169 92 92 0.078
63 303 12 76 76 0.347
65 206 336 76 76 1.322
65 206 271 76 76 0.488
65 37 1 64 64 0.461
65 249 303 76 76 0.060
65 22 346 76 76 0.030
66 280 307 64 64 1.655
68 249 12 76 76 1.412
68 334 64 64 64 0.590
68 48 1 110 110 0.272
68 271 163 76 76 0.021
69 37 262 64 64 0.724
69 184 260 76 76 0.693
70 44 1 76 76 0.393
70 208 53 92 92 0.090
71 10 235 64 64 0.250
72 244 132 132 132 0.366
72 352 154 64 64 0.030
73 181 199 64 64 0.002
74 271 87 76 76 0.032
75 159 2 159 159 0.359
75 19 181 64 64 0.042
76 172 100 64 64 0.941
76 66 12 76 76 0.571
76 100 370 64 64 0.386
76 28 379 64 64 0.307
76 79 92 92 92 0.036
77 325 118 92 92 0.086
78 343 10 64 64 0.007
79 27 144 92 92 0.083
80 208 73 64 64 0.569
81 271 136 64 64 0.584
81 235 28 64 64 0.302
82 190 190 64 64 0.276
82 346 109 76 76 0.108
83 19 46 64 64 0.388
84 79 17 110 110 0.421
84 282 2 132 132 0.234
84 109 228 76 76 0.157
84 55 130 76 76 0.038
85 199 109 64 64 2.607
85 145 145 64 64 0.740
85 154 64 64 64 0.469
85 159 181 159 159 0.453
85 298 73 64 64 0.244
85 370 127 64 64 0.111
85 334 19 64 64 0.084
86 217 136 64 64 0.259
86 338 195 92 92 0.105
87 379 298 64 64 0.232
88 221 169 92 92 0.708
88 188 282 132 132 0.534
88 181 64 64 64 0.161
89 10 10 64 64 0.388
91 66 249 76 76 1.206
91 44 55 76 76 0.926
92 234 208 92 92 0.662
93 12 130 76 76 0.394
94 314 130 76 76 1.074
95 141 271 76 76 0.346
95 1 92 92 92 0.196
95 338 325 92 92 0.040
96 286 92 92 92 0.718
96 208 109 64 64 0.375
96 136 82 64 64 0.257
96 235 154 64 64 0.155
97 28 136 64 64 0.189
98 69 248 159 159 1.222
98 56 2 191 191 0.885
98 12 260 76 76 0.295
98 37 73 64 64 0.167
98 73 370 64 64 0.002
99 136 271 64 64 0.663
99 76 314 76 76 0.600
99 76 66 76 76 0.523
99 136 127 64 64 0.182
99 280 262 64 64 0.011
99 141 1 110 110 0.002
100 109 208 64 64 0.823
100 17 157 110 110 0.252
101 182 79 92 92 0.425
102 1 118 92 92 0.261
103 17 79 110 110 1.444
103 141 66 76 76 0.491
103 37 37 64 64 0.281
103 27 195 92 92 0.234
103 95 110 110 110 0.131
105 151 20 132 132 0.832
105 136 226 159 159 0.710
106 163 217 76 76 0.910
106 195 299 92 92 0.302
106 1 1 92 92 0.142
108 260 260 92 92 0.310
108 368 249 76 76 0.251
109 195 152 76 76 0.492
109 151 226 132 132 0.106
111 352 19 64 64 0.628
111 297 95 110 110 0.123
112 2 92 159 159 2.135
112 145 343 64 64 0.843
112 127 55 64 64 0.747
112 145 172 64 64 0.568
112 195 130 76 76 0.100
113 127 28 64 64 0.257
114 217 100 64 64 0.333
115 260 195 76 76 0.135
116 10 19 64 64 0.971
116 217 303 76 76 0.797
116 44 66 76 76 0.059
117 172 226 64 64 0.406
117 352 217 64 64 0.003
118 334 1 64 64 0.902
120 206 260 76 76 1.483
120 169 14 92 92 0.700
120 136 343 64 64 0.430
121 244 379 64 64 1.965
122 292 174 76 76 0.101
125 299 105 92 92 0.537
125 357 217 76 76 0.318
128 55 120 76 76 0.744
128 226 19 64 64 0.247
128 249 152 76 76 0.178
131 346 109 76 76 4.400
131 249 141 76 76 0.079
132 159 159 159 159 1.308
132 289 289 64 64 1.060
132 346 152 76 76 0.582
132 307 181 64 64 0.485
132 82 289 64 64 0.373
133 58 226 132 132 0.596
133 181 208 64 64 0.137
134 100 226 64 64 0.651
134 163 10 64 64 0.200
135 226 95 132 132 0.006
137 263 151 132 132 0.166
139 199 46 64 64 0.919
139 1 253 64 64 0.850
139 172 298 64 64 0.585
139 174 174 76 76 0.370
140 152 184 76 76 0.327
141 109 163 76 76 1.147
141 217 226 64 64 0.530
141 357 76 76 76 0.510
142 247 118 92 92 1.212
142 27 169 92 92 0.199
143 190 28 64 64 0.690
144 64 226 64 64 0.174
144 325 118 92 92 0.035
146 22 152 76 76 0.056
147 351 105 92 92 0.457
148 10 154 64 64 0.031
149 299 118 92 92 0.093
150 152 33 76 76 0.290
150 126 157 110 110 0.218
150 53 92 92 92 0.168
150 17 157 110 110 0.038
152 172 79 110 110 0.782
152 130 206 76 76 0.751
152 249 22 76 76 0.734
152 46 19 64 64 0.544
152 303 44 76 76 0.186
152 163 19 64 64 0.113
153 120 163 76 76 0.089
155 266 1 110 110 0.899
155 156 208 92 92 0.798
155 361 10 64 64 0.552
156 307 208 64 64 0.560
157 226 64 64 64 0.751
157 217 56 191 191 0.372
157 235 244 64 64 0.303
158 14 131 92 92 2.671
158 273 53 92 92 0.279
158 195 33 76 76 0.011
160 336 44 76 76 0.462
162 156 208 92 92 0.555
162 343 145 64 64 0.379
163 314 22 76 76 1.215
164 357 76 76 76 0.594
164 370 163 64 64 0.128
164 226 114 132 132 0.024
164 10 226 64 64 0.023
165 280 235 64 64 0.174
165 314 152 76 76 0.065
166 282 95 132 132 0.170
169 109 343 64 64 0.697
169 172 297 110 110 0.019
170 226 127 64 64 0.857
170 37 127 64 64 0.736
170 28 334 64 64 0.617
170 1 22 76 76 0.544
170 145 316 64 64 0.021
172 64 199 64 64 0.133
173 208 19 64 64 1.949
173 46 28 64 64 1.089
173 352 154 64 64 0.839
173 336 206 76 76 0.146
174 19 127 64 64 0.978
177 19 325 64 64 0.774
178 172 145 64 64 1.331
178 172 91 64 64 0.563
179 141 130 76 76 1.051
179 208 280 64 64 0.685
179 228 44 76 76 0.218
179 1 95 110 110 0.131
179 118 37 64 64 0.023
180 280 253 64 64 1.261
180 336 238 76 76 0.864
180 217 184 76 76 0.595
180 118 64 64 64 0.551
180 312 79 92 92 0.154
180 126 203 110 110 0.116
180 271 130 76 76 0.015
181 145 199 64 64 0.740
181 226 226 64 64 0.726
181 169 105 92 92 0.632
181 244 64 64 64 0.464
181 76 249 76 76 0.429
181 271 100 64 64 0.287
181 64 316 64 64 0.057
182 136 118 64 64 0.148
183 266 95 110 110 0.320
184 141 22 76 76 0.560
184 260 76 76 76 0.321
187 271 195 76 76 0.246
190 351 144 92 92 1.695
190 352 19 64 64 0.740
190 22 141 76 76 0.086
191 2 29 191 191 1.749
191 64 46 64 64 0.106
192 346 314 76 76 0.076
193 249 120 76 76 0.759
193 1 199 64 64 0.454
193 48 17 110 110 0.251
193 1 10 64 64 0.136
195 174 22 76 76 0.977
195 32 266 110 110 0.873
195 73 127 64 64 0.543
195 228 120 76 76 0.434
197 249 12 76 76 0.399
197 169 182 92 92 0.250
198 141 22 76 76 0.258
198 226 58 132 132 0.204
198 352 181 64 64 0.051
199 325 141 76 76 0.065
200 92 1 92 92 1.056
201 79 53 92 92 0.464
201 10 28 64 64 0.303
202 114 207 132 132 0.553
202 280 226 64 64 0.499
202 64 226 64 64 0.270
203 298 208 64 64 0.322
204 235 19 64 64 0.154
205 105 105 92 92 0.254
206 208 172 64 64 0.328
207 181 100 64 64 0.209
207 249 174 76 76 0.182
208 271 163 64 64 0.874
208 207 282 132 132 0.584
208 219 63 110 110 0.524
208 19 208 64 64 0.142
209 19 298 64 64 1.186
209 154 298 64 64 0.451
210 174 120 76 76 0.511
210 217 370 64 64 0.284
210 10 334 64 64 0.198
210 92 66 92 92 0.142
213 82 226 64 64 0.545
213 98 22 76 76 0.470
213 37 1 64 64 0.081
214 12 98 76 76 0.678
219 100 181 64 64 0.058
219 286 182 92 92 0.021
220 336 130 76 76 0.711
221 22 260 76 76 0.232
221 249 325 76 76 0.187
221 32 172 110 110 0.091
221 163 357 76 76 0.027
222 206 130 76 76 0.128
222 281 141 110 110 0.057
224 234 27 92 92 0.826
224 190 46 64 64 0.776
224 174 217 76 76 0.191
225 316 46 64 64 1.487
225 109 238 76 76 0.219
225 289 91 64 64 0.202
225 271 1 64 64 0.048
225 163 82 64 64 0.047
228 100 163 64 64 0.261
228 316 136 64 64 0.064
229 325 174 76 76 0.938
229 361 127 64 64 0.577
229 73 109 64 64 0.553
230 370 226 64 64 0.963
230 298 28 64 64 0.436
230 247 312 92 92 0.203
231 260 12 76 76 1.462
231 66 141 76 76 0.129
231 12 163 76 76 0.049
232 292 120 76 76 0.017
233 174 76 76 76 1.247
233 219 110 110 110 0.168
234 226 2 132 132 0.463
234 130 44 76 76 0.016
235 14 169 92 92 0.196
235 1 118 64 64 0.177
236 228 346 76 76 1.041
236 127 316 64 64 0.927
236 83 217 191 191 0.888
236 262 262 64 64 0.625
236 118 82 64 64 0.614
236 127 145 64 64 0.197
236 188 76 132 132 0.142
236 32 110 110 110 0.074
237 22 120 76 76 0.498
237 244 118 64 64 0.418
238 244 2 191 191 0.354
239 32 110 110 110 1.459
242 184 303 76 76 1.679
242 109 217 76 76 0.782
242 44 303 76 76 0.570
242 195 44 76 76 0.467
242 156 156 92 92 0.210
247 370 64 64 64 0.496
248 91 91 64 64 0.120
248 37 118 64 64 0.013
249 370 109 64 64 0.076
249 151 95 132 132 0.033
250 46 118 64 64 0.643
251 1 271 64 64 2.658
251 91 136 64 64 1.004
251 32 17 110 110 0.862
251 1 100 64 64 0.675
251 163 174 76 76 0.534
253 1 238 76 76 0.249
255 217 249 76 76 0.115
257 184 76 76 76 0.398
257 303 206 76 76 0.206
258 289 118 64 64 0.322
259 208 289 64 64 0.376
259 118 100 64 64 0.280
260 145 145 64 64 0.017
262 303 109 76 76 0.451
262 235 118 64 64 0.309
263 199 127 64 64 1.055
264 157 188 110 110 0.890
264 118 79 92 92 0.387
267 172 10 64 64 0.127
267 266 32 110 110 0.083
269 14 79 92 92 0.855
269 109 66 76 76 0.648
269 357 249 76 76 0.075
271 352 46 64 64 1.331
271 28 46 64 64 0.342
271 100 199 64 64 0.180
271 235 145 64 64 0.039
273 325 118 92 92 0.987
273 1 109 76 76 0.143
276 100 172 64 64 1.411
276 130 238 76 76 1.177
276 46 127 64 64 0.987
276 126 110 110 110 0.692
276 118 316 64 64 0.326
276 37 361 64 64 0.034
276 12 22 76 76 0.018
277 271 12 76 76 0.648
278 151 114 132 132 0.075
279 172 361 64 64 0.271
281 22 120 76 76 0.178
283 109 181 64 64 0.917
283 141 206 76 76 0.497
283 260 1 76 76 0.284
283 208 28 64 64 0.165
284 17 1 110 110 1.105
284 195 1 76 76 0.560
284 235 64 64 64 0.338
284 253 298 64 64 0.018
286 206 109 76 76 0.351
286 217 181 64 64 0.348
286 163 100 64 64 0.191
287 226 226 64 64 1.176
287 91 253 64 64 0.720
287 249 141 76 76 0.669
287 92 312 92 92 0.133
287 114 24 159 159 0.067
288 188 76 132 132 0.021
289 82 298 64 64 0.246
293 357 130 76 76 0.636
293 298 55 64 64 0.390
294 226 82 64 64 1.714
294 271 130 76 76 1.212
294 136 145 64 64 0.547
294 53 234 92 92 0.367
299 217 314 76 76 0.075
299 208 131 92 92 0.014
300 118 100 64 64 1.762
300 66 22 76 76 1.569
300 174 66 76 76 0.240
300 217 154 64 64 0.239
302 163 172 64 64 0.530
302 109 1 76 76 0.366
302 307 91 64 64 0.085
303 37 262 64 64 0.293
305 271 92 159 159 0.254
306 152 141 76 76 0.766
306 109 343 64 64 0.521
306 145 10 64 64 0.509
307 370 127 64 64 0.519
309 249 303 76 76 1.173
309 334 343 64 64 0.735
309 152 282 76 76 0.064
310 73 172 64 64 0.628
310 28 190 64 64 0.037
311 248 136 159 159 0.441
311 206 22 76 76 0.101
311 169 195 92 92 0.091
311 66 118 92 92 0.062
312 325 37 64 64 0.576
312 249 22 76 76 0.334
314 28 163 64 64 0.108
315 87 314 76 76 1.719
315 63 1 110 110 1.110
315 1 190 64 64 0.634
315 157 32 110 110 0.215
317 260 76 76 76 0.512
317 1 1 64 64 0.360
318 226 235 64 64 0.619
318 87 217 76 76 0.551
318 130 76 76 76 0.324
318 132 263 132 132 0.285
318 2 2 132 132 0.211
320 334 118 64 64 0.801
321 297 126 110 110 0.198
321 1 172 64 64 0.067
322 262 55 64 64 0.709
322 164 110 191 191 0.576
322 98 98 76 76 0.263
322 307 154 64 64 0.043
323 260 271 76 76 1.323
323 120 357 76 76 0.449
323 127 55 64 64 0.125
323 271 136 64 64 0.081
323 208 182 92 92 0.050
323 110 29 191 191 0.034
323 228 1 76 76 0.011
323 157 297 110 110 0.006
324 100 235 64 64 2.150
324 271 195 76 76 1.046
324 199 46 64 64 0.822
324 325 152 76 76 0.376
324 55 10 64 64 0.280
324 379 109 64 64 0.174
324 221 299 92 92 0.076
324 244 82 64 64 0.070
324 346 228 76 76 0.037
325 152 282 76 76 0.449
326 307 271 64 64 0.587
326 145 118 64 64 0.191
326 307 73 64 64 0.105
328 217 206 76 76 0.592
329 262 154 64 64 0.888
329 260 208 92 92 0.864
329 190 91 64 64 0.211
329 307 379 64 64 0.037
330 37 172 64 64 1.127
330 1 76 76 76 0.140
331 73 1 64 64 2.083
331 314 228 76 76 0.911
331 182 105 92 92 0.827
331 379 64 64 64 0.349
331 152 271 76 76 0.299
331 303 163 76 76 0.172
331 164 164 191 191 0.001
332 37 253 64 64 0.815
332 260 1 76 76 0.795
332 343 82 64 64 0.440
332 163 325 76 76 0.257
332 172 136 64 64 0.147
332 266 266 110 110 0.096
334 253 100 64 64 0.413
334 226 136 64 64 0.020
335 12 282 76 76 0.013
336 249 98 76 76 0.627
337 118 27 92 92 0.600
337 37 181 64 64 0.406
337 37 280 64 64 0.027
338 136 82 64 64 0.535
339 82 28 64 64 2.586
339 271 253 64 64 0.897
339 66 98 76 76 0.675
339 266 17 110 110 0.548
339 289 118 64 64 0.460
340 262 64 64 64 0.934
340 64 235 64 64 0.908
340 207 188 132 132 0.579
340 208 100 64 64 0.562
340 280 145 64 64 0.113
340 1 14 92 92 0.030
340 334 181 64 64 0.023
341 289 118 64 64 0.634
341 217 109 64 64 0.330
341 163 19 64 64 0.165
342 53 105 92 92 0.043
343 159 4 275 275 0.155
343 109 280 64 64 0.138
343 334 73 64 64 0.025
346 235 379 64 64 1.218
348 19 145 64 64 0.833
349 157 172 110 110 1.595
349 208 27 92 92 0.104
349 368 163 76 76 0.096
350 184 303 76 76 0.164
350 92 144 92 92 0.059
351 238 217 76 76 0.941
351 191 2 191 191 0.481
351 87 109 76 76 0.193
352 118 334 64 64 0.403
353 87 109 76 76 0.489
353 28 73 64 64 0.345
353 1 118 64 64 0.213
354 292 33 76 76 0.418
355 19 154 64 64 0.889
355 260 33 76 76 0.797
355 172 100 64 64 0.585
355 346 55 76 76 0.374
355 208 73 64 64 0.139
356 87 120 76 76 1.045
356 221 66 92 92 0.387
356 19 64 64 64 0.134
357 64 118 64 64 0.030
358 22 314 76 76 1.539
358 22 55 76 76 1.140
358 136 118 64 64 1.069
358 109 298 64 64 0.054
360 338 1 92 92 0.645
360 352 235 64 64 0.478
361 28 172 64 64 1.234
361 82 109 64 64 0.574
361 91 10 64 64 0.190
362 144 1 92 92 1.362
363 221 53 92 92 1.399
363 370 208 64 64 1.394
363 109 199 64 64 0.530
363 19 217 64 64 0.308
364 184 346 76 76 0.512
365 253 226 64 64 1.344
365 253 46 64 64 0.645
366 262 127 64 64 1.741
366 221 27 92 92 0.717
366 325 100 64 64 0.012
367 235 118 64 64 0.732
367 314 260 76 76 0.522
367 37 37 64 64 0.045
368 19 109 64 64 0.899
368 109 118 64 64 0.543
369 10 370 64 64 0.899
369 170 114 132 132 0.887
369 195 336 76 76 0.281
369 208 217 64 64 0.263
369 10 262 64 64 0.041
370 219 32 110 110 0.496
370 253 208 64 64 0.248
370 334 10 64 64 0.129
370 226 172 64 64 0.059
371 228 292 76 76 0.477
372 370 55 64 64 0.544
372 181 118 64 64 0.318
372 370 1 64 64 0.015
373 152 206 76 76 1.275
373 307 28 64 64 0.075
374 280 127 64 64 0.429
375 127 10 64 64 0.758
375 181 361 64 64 0.402
375 181 226 64 64 0.296
376 188 188 110 110 0.595
376 273 182 92 92 0.131
377 228 109 76 76 0.159
377 110 17 110 110 0.123
378 28 73 64 64 0.107
378 98 98 76 76 0.052
379 343 154 64 64 3.214
379 181 24 159 159 0.628
379 325 73 64 64 0.513
379 105 27 92 92 0.001
380 328 1 110 110 0.207
380 22 174 76 76 0.089
381 244 172 64 64 0.033
382 217 91 64 64 1.131
382 249 33 76 76 0.357
383 247 208 92 92 0.219
383 307 280 64 64 0.073
383 190 127 64 64 0.041
384 87 76 76 76 0.737
384 282 76 132 132 0.118
385 238 292 76 76 1.646
385 95 226 132 132 1.526
385 226 136 64 64 1.302
385 195 234 92 92 0.600
385 292 325 76 76 0.372
385 163 325 64 64 0.276
386 217 33 76 76 0.162
387 1 73 64 64 1.064
387 109 73 64 64 0.134
387 2 95 132 132 0.047
390 163 357 76 76 0.086
391 19 55 64 64 0.346
393 64 343 64 64 1.209
394 299 1 92 92 0.139
394 137 29 191 191 0.046
395 40 105 92 92 0.245
396 131 195 92 92 0.037
397 127 190 64 64 0.379
397 130 12 76 76 0.205
397 325 109 76 76 0.162
399 299 156 92 92 0.002
400 120 141 76 76 0.274
401 152 130 76 76 0.140
402 235 28 64 64 0.278
402 82 190 64 64 0.197
403 228 120 76 76 1.072
403 299 40 92 92 0.532
404 343 154 64 64 0.683
404 208 127 64 64 0.171
404 204 2 159 159 0.168
405 1 228 76 76 0.846
405 105 260 92 92 0.742
405 22 292 76 76 0.540
405 235 307 64 64 0.478
405 303 184 76 76 0.437
405 27 27 92 92 0.436
405 379 253 64 64 0.062
405 226 163 64 64 0.026
406 98 271 76 76 1.342
406 46 334 64 64 0.203
407 145 127 64 64 0.023
409 151 263 132 132 0.204
409 100 289 64 64 0.000
410 1 244 64 64 1.022
410 44 260 76 76 0.836
410 1 37 64 64 0.247
410 248 24 159 159 0.030
411 12 44 76 76 0.719
411 12 152 76 76 0.100
411 292 55 76 76 0.024
413 157 312 110 110 0.031
415 10 226 64 64 0.003
416 334 235 64 64 0.637
416 247 182 92 92 0.531
417 203 141 110 110 0.626
417 204 24 159 159 0.202
418 234 156 92 92 0.545
420 17 17 110 110 2.324
420 14 299 92 92 2.303
420 1 174 76 76 1.994
420 221 66 92 92 0.079
421 120 174 76 76 0.079
421 172 63 110 110 0.576
425 98 217 76 76 0.336
426 325 169 92 92 0.371
429 130 1 76 76 0.364
429 109 282 76 76 0.312
430 352 199 64 64 0.634
431 228 163 76 76 0.252
431 289 208 64 64 0.192
432 195 55 76 76 0.423
432 217 136 64 64 0.253
433 234 27 92 92 0.027
434 110 2 191 191 0.332
435 130 22 76 76 1.089
435 141 110 110 110 0.188
435 172 250 110 110 0.001
437 271 100 64 64 2.031
437 336 282 76 76 0.919
437 334 46 64 64 0.561
437 46 82 64 64 0.485
437 136 37 64 64 0.429
438 19 190 64 64 0.248
438 338 14 92 92 0.007
439 14 312 92 92 0.433
439 82 352 64 64 0.332
439 73 262 64 64 0.124
439 17 63 110 110 0.025
440 262 55 64 64 0.992
440 152 33 76 76 0.545
440 157 188 110 110 0.327
440 249 282 76 76 0.192
441 238 152 76 76 0.682
442 109 22 76 76 0.513
442 87 238 76 76 0.474
442 66 76 76 76 0.373
444 109 217 64 64 0.354
444 64 289 64 64 0.082
444 1 206 76 76 0.077
446 338 40 92 92 0.665
447 334 199 64 64 0.912
448 10 190 64 64 0.580
448 120 346 76 76 0.141
450 271 163 76 76 0.001
451 10 244 64 64 0.212
451 1 10 64 64 0.119
452 156 169 92 92 0.091
453 307 100 64 64 0.233
454 226 172 64 64 0.424
454 226 235 64 64 0.065
455 19 46 64 64 1.691
455 226 64 64 64 0.009
456 289 1 64 64 0.606
456 217 82 64 64 0.437
456 298 64 64 64 0.333
456 249 282 76 76 0.108
456 271 368 76 76 0.049
456 181 37 64 64 0.012
457 1 172 64 64 0.438
457 19 91 64 64 0.306
459 1 92 92 92 1.763
459 44 22 76 76 1.373
459 28 172 64 64 1.369
459 217 206 76 76 0.987
459 10 343 64 64 0.428
459 79 131 92 92 0.345
459 253 343 64 64 0.043
460 46 64 64 64 0.051
461 172 226 64 64 0.226
463 368 66 76 76 0.562
463 357 271 76 76 0.347
464 136 82 64 64 0.272
464 76 184 76 76 0.189
465 282 120 76 76 0.509
465 351 169 92 92 0.412
466 226 24 159 159 0.713
466 174 12 76 76 0.031
467 145 199 64 64 0.203
468 260 228 76 76 0.271
468 206 1 76 76 0.085
469 334 181 64 64 0.556
469 334 127 64 64 0.080
471 325 53 92 92 0.892
471 82 163 64 64 0.663
471 289 28 64 64 0.080
471 357 1 76 76 0.056
472 199 226 64 64 0.330
472 152 249 76 76 0.093
473 271 2 159 159 0.390
474 286 105 92 92 0.134
475 244 19 64 64 1.839
475 19 298 64 64 1.818
475 325 154 64 64 0.032
477 14 105 92 92 0.617
478 181 226 64 64 0.097
480 334 190 64 64 0.111
482 217 22 76 76 1.334
482 238 109 76 76 0.620
482 159 226 159 159 0.410
483 247 14 92 92 1.245
483 91 316 64 64 0.922
486 199 145 64 64 1.390
486 109 244 64 64 0.816
486 19 163 64 64 0.362
487 114 76 132 132 0.630
487 343 55 64 64 0.583
487 379 172 64 64 0.347
487 235 136 64 64 0.172
487 271 109 64 64 0.161
487 325 172 64 64 0.076
487 199 316 64 64 0.061
488 370 118 64 64 1.011
488 190 235 64 64 0.880
488 286 92 92 92 0.540
488 172 1 110 110 0.523
488 238 282 76 76 0.458
488 109 249 76 76 0.426
488 1 22 76 76 0.168
488 64 64 64 64 0.040
489 260 79 92 92 0.237
491 98 66 76 76 0.445
491 195 208 92 92 0.295
491 234 92 92 92 0.098
493 33 44 76 76 1.012
493 73 100 64 64 0.846
493 14 144 92 92 0.750
493 282 39 132 132 0.574
493 217 253 64 64 0.477
493 19 253 64 64 0.013
494 199 136 64 64 0.219
496 10 172 64 64 0.977
496 303 130 76 76 0.859
498 55 217 76 76 0.566
498 204 2 159 159 0.074
499 156 325 92 92 0.407
502 55 226 64 64 0.554
502 100 379 64 64 0.495
502 144 14 92 92 0.257
502 76 163 76 76 0.202
502 126 79 110 110 0.117
502 118 226 64 64 0.076
503 1 141 76 76 0.091
503 109 109 76 76 0.064
505 316 37 64 64 1.860
505 199 190 64 64 1.028
506 172 55 64 64 0.371
506 289 118 64 64 0.323
507 352 145 64 64 0.402
507 64 46 64 64 0.384
507 262 154 64 64 0.095
508 292 22 76 76 0.196
508 10 136 64 64 0.097
509 260 33 76 76 0.028
510 271 253 64 64 1.484
512 130 271 76 76 3.135
512 282 152 76 76 0.481
512 370 226 64 64 0.180
512 298 244 64 64 0.039
513 87 120 76 76 0.241
514 1 361 64 64 0.558
514 260 292 76 76 0.205
514 217 249 76 76 0.014
514 235 172 110 110 0.006
515 351 66 92 92 0.378
515 343 181 64 64 0.245
515 37 109 64 64 0.238
516 40 144 92 92 0.384
517 338 27 92 92 0.084
518 109 1 64 64 0.971
518 87 238 76 76 0.584
518 228 228 76 76 0.268
518 10 217 64 64 0.130
520 28 100 64 64 0.263
520 40 144 92 92 0.234
520 109 109 64 64 0.214
521 64 28 64 64 1.162
521 346 130 76 76 0.817
521 55 217 64 64 0.734
521 260 14 92 92 0.129
521 226 244 64 64 0.005
522 235 82 64 64 1.086
523 260 368 76 76 0.502
525 195 27 92 92 1.522
525 253 172 64 64 0.437
525 263 76 132 132 0.308
525 66 221 92 92 0.287
526 289 226 64 64 2.174
526 172 154 64 64 1.516
526 244 95 132 132 0.582
527 368 184 76 76 0.349
528 110 1 110 110 0.138
531 63 1 110 110 0.579
531 10 64 64 64 0.483
531 260 1 92 92 0.248
531 120 195 76 76 0.050
532 127 127 64 64 0.631
532 28 154 64 64 0.261
532 12 87 76 76 0.230
533 154 55 64 64 0.792
535 325 145 64 64 0.866
535 289 100 64 64 0.845
535 352 226 64 64 0.555
535 282 228 76 76 0.279
536 280 118 64 64 1.169
536 334 190 64 64 0.301
537 208 217 64 64 0.610
537 184 76 76 76 0.301
538 55 154 64 64 0.134
539 181 163 64 64 0.234
541 303 44 76 76 0.962
541 120 12 76 76 0.768
541 79 234 92 92 0.620
541 370 190 64 64 0.136
542 12 109 76 76 0.741
542 273 118 92 92 0.495
544 181 47 159 159 0.617
544 226 208 64 64 0.163
545 22 109 76 76 1.189
546 235 217 64 64 0.470
546 2 2 191 191 0.217
546 152 130 76 76 0.039
546 91 118 64 64 0.010
546 181 217 64 64 0.008
547 247 182 92 92 2.060
547 157 297 110 110 0.696
548 136 55 64 64 0.445
548 253 217 64 64 0.285
548 76 244 132 132 0.032
551 249 55 76 76 0.142
552 282 188 132 132 1.086
552 184 12 76 76 0.120
553 151 132 132 132 0.378
554 226 244 64 64 0.633
554 208 105 92 92 0.456
554 163 282 76 76 0.384
555 145 262 64 64 0.404
556 208 199 64 64 1.039
556 207 300 132 132 0.212
556 247 105 92 92 0.122
557 169 14 92 92 0.755
557 325 195 76 76 0.547
557 1 235 64 64 0.524
557 1 37 64 64 0.160
557 235 10 64 64 0.029
558 357 1 76 76 0.967
558 132 132 132 132 0.271
558 352 136 64 64 0.205
559 46 55 64 64 1.273
559 132 282 132 132 0.044
560 109 174 76 76 1.211
563 22 1 76 76 0.912
563 299 169 92 92 0.613
563 273 66 92 92 0.325
564 266 32 110 110 1.469
564 208 208 64 64 0.004
566 249 55 76 76 2.944
566 28 10 64 64 1.821
566 249 206 76 76 0.689
566 64 55 64 64 0.443
566 346 152 76 76 0.378
566 307 109 64 64 0.359
566 12 206 76 76 0.332
567 357 120 76 76 0.167
567 145 217 64 64 0.024
568 64 46 64 64 0.919
568 221 156 92 92 0.555
568 136 127 64 64 0.288
571 1 82 64 64 0.922
571 244 28 64 64 0.734
571 260 260 92 92 0.207
572 217 314 76 76 0.092
573 312 79 110 110 1.533
573 262 244 64 64 0.591
573 1 217 76 76 0.540
573 19 37 64 64 0.328
573 48 188 110 110 0.307
574 299 66 92 92 0.174
575 235 361 64 64 0.728
575 221 144 92 92 0.042
576 109 109 64 64 0.290
577 271 37 64 64 0.301
577 314 1 76 76 0.168
579 208 361 64 64 1.649
579 159 136 159 159 0.735
579 55 235 64 64 0.636
579 46 19 64 64 0.505
579 126 328 110 110 0.346
579 154 280 64 64 0.207
581 314 66 76 76 0.155
583 145 28 64 64 0.684
584 66 174 76 76 0.633
585 181 136 64 64 0.248
587 195 325 92 92 1.103
587 234 234 92 92 0.560
587 19 379 64 64 0.049
589 343 37 64 64 0.261
590 33 109 76 76 1.161
591 312 79 110 110 0.426
591 282 163 76 76 0.164
591 172 226 64 64 0.029
593 28 352 64 64 0.169
593 1 12 76 76 0.105
595 253 316 64 64 0.086
596 297 188 110 110 0.355
597 110 188 110 110 0.084
598 307 55 64 64 1.300
598 346 184 76 76 0.774
598 282 130 76 76 0.216
598 82 100 64 64 0.177
599 217 56 191 191 1.543
599 208 217 64 64 0.593
599 379 127 64 64 0.560
599 244 100 64 64 0.496
600 48 172 110 110 0.365
601 152 174 76 76 0.268
602 10 244 64 64 1.679
602 303 152 76 76 0.801
602 357 87 76 76 0.707
602 195 260 92 92 0.401
602 195 109 76 76 0.369
602 181 19 64 64 0.288
603 190 352 64 64 1.168
603 238 98 76 76 0.683
603 262 271 64 64 0.460
603 163 55 64 64 0.164
604 58 300 132 132 0.723
604 219 266 110 110 0.272
604 46 253 64 64 0.133
604 28 1 64 64 0.106
604 169 40 92 92 0.071
605 152 12 76 76 0.469
605 1 32 110 110 0.040
606 260 130 76 76 0.496
606 328 63 110 110 0.052
608 46 289 64 64 0.498
608 325 12 76 76 0.382
608 368 76 76 76 0.219
608 334 289 64 64 0.176
608 280 289 64 64 0.133
608 253 55 64 64 0.015
610 184 76 76 76 0.027
611 262 118 64 64 0.292
611 280 10 64 64 0.019
612 199 181 64 64 0.232
613 174 33 76 76 0.313
614 24 204 159 159 1.134
614 151 300 132 132 0.688
614 206 55 76 76 0.492
614 249 238 76 76 0.016
617 82 199 64 64 0.091
618 217 280 64 64 0.154
618 83 191 191 191 0.033
619 19 118 64 64 0.373
619 273 105 92 92 0.002
620 351 105 92 92 1.129
620 307 28 64 64 0.826
620 226 145 64 64 0.423
620 281 172 110 110 0.386
620 163 55 64 64 0.086
620 253 55 64 64 0.035
621 1 260 76 76 1.211
621 170 282 132 132 0.513
621 184 152 76 76 0.324
622 334 181 64 64 0.273
622 1 141 110 110 0.251
623 271 19 64 64 0.812
623 217 217 76 76 0.782
623 316 235 64 64 0.723
623 154 334 64 64 0.697
623 126 172 110 110 0.402
623 82 55 64 64 0.199
623 73 253 64 64 0.159
625 28 190 64 64 0.256
625 195 174 76 76 0.120
626 307 127 64 64 1.170
627 195 33 76 76 0.665
628 130 109 76 76 0.240
628 120 33 76 76 0.193
629 82 145 64 64 0.343
629 298 109 64 64 0.110
630 228 22 76 76 1.098
630 217 370 64 64 0.225
630 299 299 92 92 0.209
631 336 260 76 76 0.855
631 325 156 92 92 0.257
631 343 55 64 64 0.239
631 19 172 64 64 0.149
632 110 110 110 110 1.068
632 282 98 76 76 0.552
632 325 172 64 64 0.465
633 286 156 92 92 0.051
635 343 244 64 64 0.473
635 226 172 64 64 0.337
635 253 82 64 64 0.111
636 22 130 76 76 0.621
636 262 28 64 64 0.401
636 76 228 76 76 0.238
636 181 10 64 64 0.129
636 152 66 76 76 0.103
636 82 64 64 64 0.065
636 352 1 64 64 0.043
637 206 195 76 76 0.218
638 244 289 64 64 0.212
639 10 253 64 64 0.502
639 27 144 92 92 0.007
640 228 66 76 76 1.443
640 163 109 76 76 0.911
640 234 260 92 92 0.485
640 136 163 64 64 0.159
640 253 334 64 64 0.143
643 244 73 64 64 0.795
643 195 141 76 76 0.045
644 172 203 110 110 1.106
645 343 181 64 64 0.644
645 336 87 76 76 0.350
647 10 37 64 64 1.057
647 42 81 275 275 0.778
647 228 357 76 76 0.673
647 221 144 92 92 0.492
647 219 48 110 110 0.271
647 289 199 64 64 0.143
649 217 260 76 76 1.007
649 228 1 76 76 0.743
649 136 253 64 64 0.614
649 203 110 110 110 0.511
649 55 174 76 76 0.391
649 33 55 76 76 0.272
651 361 55 64 64 0.643
651 297 95 110 110 0.459
651 249 184 76 76 0.130
652 379 199 64 64 0.889
652 368 109 76 76 0.191
652 1 118 92 92 0.062
653 40 1 92 92 1.908
653 64 109 64 64 1.216
653 163 346 76 76 0.930
653 181 280 64 64 0.648
653 127 307 64 64 0.498
653 118 145 64 64 0.154
654 44 1 76 76 0.953
659 334 226 64 64 0.087
660 19 163 64 64 0.012
661 250 110 110 110 1.071
661 10 181 64 64 0.025
662 217 44 76 76 0.965
662 208 105 92 92 0.342
662 172 91 64 64 0.025
663 208 253 64 64 0.732
663 1 199 64 64 0.017
664 228 33 76 76 0.704
664 120 87 76 76 0.697
665 206 12 76 76 0.197
666 334 199 64 64 0.237
667 181 280 64 64 0.395
668 253 163 64 64 0.274
668 152 195 76 76 0.231
668 163 253 64 64 0.168
669 1 217 64 64 0.900
669 141 98 76 76 0.119
671 235 199 64 64 0.504
671 316 208 64 64 0.134
671 280 244 64 64 0.041
672 249 130 76 76 0.187
672 91 91 64 64 0.117
673 357 1 76 76 0.157
675 145 37 64 64 0.031
676 271 208 64 64 0.333
676 163 226 64 64 0.285
676 217 226 64 64 0.054
677 235 181 64 64 1.185
677 226 2 159 159 0.752
677 336 174 76 76 0.367
677 141 32 110 110 0.234
678 184 55 76 76 0.337
678 64 181 64 64 0.300
678 235 235 64 64 0.048
679 280 208 64 64 0.287
679 281 63 110 110 0.075
681 336 109 76 76 0.681
681 262 154 64 64 0.224
682 204 69 159 159 0.845
682 346 76 76 76 0.311
683 379 280 64 64 0.365
683 370 217 64 64 0.302
684 352 127 64 64 0.984
684 357 206 76 76 0.102
684 273 286 92 92 0.081
684 253 199 64 64 0.068
687 100 262 64 64 0.801
687 55 46 64 64 0.629
687 55 127 64 64 0.385
688 325 40 92 92 0.115
689 130 120 76 76 0.581
689 190 154 64 64 0.530
689 46 136 64 64 0.349
690 92 92 159 159 0.764
690 260 174 76 76 0.079
692 109 314 76 76 1.134
692 37 217 64 64 0.349
692 206 303 76 76 0.153
694 151 95 132 132 1.590
694 118 208 64 64 0.852
694 27 40 92 92 0.124
695 136 109 64 64 0.549
697 336 66 76 76 1.222
697 343 163 64 64 0.187
698 325 66 76 76 1.392
698 17 48 110 110 1.271
698 95 58 132 132 0.263
698 73 244 64 64 0.156
699 262 136 64 64 0.320
699 33 55 76 76 0.279
699 292 12 76 76 0.079
700 181 64 64 64 0.545
700 379 271 64 64 0.389
700 37 208 64 64 0.125
701 33 98 76 76 0.829
701 271 190 64 64 0.233
702 40 27 92 92 0.836
702 141 44 76 76 0.620
702 130 130 76 76 0.286
704 217 109 64 64 0.107
705 328 235 110 110 0.402
705 118 55 64 64 0.401
705 316 307 64 64 0.112
705 170 76 132 132 0.102
705 53 247 92 92 0.000
706 195 22 76 76 0.681
709 334 199 64 64 0.404
711 56 191 191 191 0.540
711 114 2 132 132 0.305
711 208 289 64 64 0.014
712 136 253 64 64 0.199
713 44 292 76 76 1.663
713 226 1 64 64 0.740
714 203 219 110 110 0.141
714 100 55 64 64 0.101
715 141 238 76 76 0.413
715 351 169 92 92 0.369
717 199 145 64 64 0.368
717 181 82 64 64 0.131
718 37 91 64 64 0.107
719 144 260 92 92 2.736
719 190 82 64 64 0.660
719 55 289 64 64 0.094
720 12 98 76 76 0.120
721 208 247 92 92 0.560
721 208 19 64 64 0.391
722 130 141 76 76 0.028
723 184 120 76 76 0.156
724 207 20 132 132 0.891
725 195 22 76 76 0.788
727 55 336 76 76 3.098
727 118 253 64 64 1.069
727 152 292 76 76 0.782
727 64 262 64 64 0.553
727 181 343 64 64 0.541
727 262 19 64 64 0.503
727 120 336 76 76 0.497
727 262 361 64 64 0.122
727 217 66 76 76 0.013
728 266 95 110 110 0.572
728 73 136 64 64 0.244
729 282 130 76 76 0.992
729 271 55 64 64 0.380
729 361 235 64 64 0.125
731 247 286 92 92 0.159
731 159 24 159 159 0.056
732 219 63 110 110 1.423
732 12 141 76 76 0.363
733 282 195 76 76 0.171
733 289 19 64 64 0.167
733 235 28 64 64 0.145
733 152 66 76 76 0.028
734 282 132 132 132 2.365
734 307 289 64 64 1.948
734 22 130 76 76 0.473
736 184 141 76 76 0.342
736 312 14 92 92 0.340
737 325 14 92 92 0.122
737 98 206 76 76 0.024
738 28 19 64 64 2.334
738 91 1 64 64 0.527
738 228 260 76 76 0.247
738 92 79 92 92 0.126
738 118 325 64 64 0.059
739 303 120 76 76 0.719
739 361 37 64 64 0.691
739 282 44 76 76 0.024
740 33 282 76 76 0.649
740 228 271 76 76 0.545
740 1 66 92 92 0.415
740 154 181 64 64 0.157
740 314 271 76 76 0.079
740 188 114 132 132 0.029
741 66 44 76 76 0.337
741 1 235 110 110 0.043
741 226 154 64 64 0.025
742 154 55 64 64 0.270
744 262 109 64 64 0.071
745 64 10 64 64 0.488
746 314 1 76 76 0.006
747 163 19 64 64 0.245
747 64 190 64 64 0.090
748 190 370 64 64 1.345
748 163 289 64 64 0.394
748 55 226 64 64 0.121
749 127 316 64 64 1.845
749 208 172 64 64 0.509
749 361 145 64 64 0.479
749 343 10 64 64 0.045
751 10 73 64 64 0.430
751 228 120 76 76 0.309
751 217 1 76 76 0.011
753 1 325 64 64 1.279
754 314 44 76 76 0.317
754 312 141 110 110 0.151
755 55 109 76 76 0.563
756 14 131 92 92 0.156
757 208 286 92 92 0.066
758 280 217 64 64 0.077
761 343 127 64 64 0.324
762 249 163 76 76 0.842
762 22 55 76 76 0.614
762 76 141 76 76 0.606
762 1 109 64 64 0.567
762 1 195 92 92 0.085
764 157 1 110 110 0.844
764 217 109 76 76 0.055
764 76 314 76 76 0.007
765 282 58 132 132 0.607
765 188 20 132 132 0.533
765 199 118 64 64 0.195
765 303 174 76 76 0.058
767 195 217 76 76 0.216
767 46 253 64 64 0.041
768 46 352 64 64 0.318
768 221 221 92 92 0.150
769 234 1 92 92 0.076
771 282 95 132 132 0.217
772 368 282 76 76 0.465
772 152 282 76 76 0.419
772 219 126 110 110 0.333
773 118 208 64 64 0.057
774 334 100 64 64 0.820
774 351 208 92 92 0.645
774 303 12 76 76 0.629
775 181 343 64 64 0.206
775 136 217 64 64 0.099
776 91 10 64 64 0.402
776 217 346 76 76 0.091
777 226 28 64 64 1.893
777 64 208 64 64 0.732
778 248 24 159 159 0.013
779 109 260 76 76 0.306
779 280 163 64 64 0.282
779 280 55 64 64 0.160
780 44 120 76 76 0.504
780 228 303 76 76 0.271
781 2 24 159 159 0.332
782 190 343 64 64 0.226
784 127 64 64 64 0.694
784 368 44 76 76 0.646
784 235 1 110 110 0.527
786 182 1 92 92 0.749
786 184 260 76 76 0.394
786 307 145 64 64 0.164
786 370 289 64 64 0.079
787 244 352 64 64 0.542
788 314 109 76 76 0.275
788 282 152 76 76 0.221
789 12 98 76 76 1.096
789 145 253 64 64 0.273
789 10 298 64 64 0.122
790 234 66 92 92 0.585
790 190 127 64 64 0.396
790 172 10 64 64 0.333
790 357 184 76 76 0.267
790 370 64 64 64 0.242
790 33 152 76 76 0.171
791 172 226 64 64 0.046
792 312 40 92 92 0.560
793 55 226 64 64 0.555
793 66 357 76 76 0.268
794 33 1 76 76 0.066
796 33 195 76 76 1.165
796 351 1 92 92 0.325
798 28 91 64 64 0.239
799 281 48 110 110 1.249
799 361 10 64 64 1.005
800 208 79 92 92 0.271
800 195 195 76 76 0.036
801 379 37 64 64 0.180
802 357 120 76 76 0.746
802 46 181 64 64 0.384
802 109 172 64 64 0.156
803 154 10 64 64 3.991
803 238 325 76 76 1.232
803 325 282 76 76 1.117
803 297 188 110 110 0.449
803 379 316 64 64 0.298
804 235 226 64 64 0.271
804 316 217 64 64 0.154
805 271 37 64 64 1.290
805 289 235 64 64 1.286
805 228 130 76 76 0.881
805 184 33 76 76 0.587
805 217 137 191 191 0.412
805 343 109 64 64 0.343
805 105 66 92 92 0.187
805 352 217 64 64 0.153
805 325 10 64 64 0.101
806 66 87 76 76 0.637
807 249 195 76 76 0.379
808 53 40 92 92 2.554
808 28 181 64 64 1.353
808 234 131 92 92 0.790
808 314 152 76 76 0.647
808 118 156 92 92 0.459
808 1 1 76 76 0.117
811 235 370 64 64 0.631
811 262 334 64 64 0.525
812 351 92 92 92 0.470
812 266 157 110 110 0.119
814 289 109 64 64 0.516
814 325 247 92 92 0.503
814 343 10 64 64 0.011
815 10 37 64 64 0.687
817 280 109 64 64 0.259
817 79 40 92 92 0.216
817 28 28 64 64 0.156
818 22 109 76 76 0.451
819 262 190 64 64 0.296
820 208 40 92 92 0.561
820 248 181 159 159 0.218
820 10 19 64 64 0.182
821 66 260 76 76 0.768
822 127 154 64 64 2.335
822 235 141 110 110 0.592
823 325 82 64 64 0.540
823 44 98 76 76 0.442
825 379 127 64 64 1.718
825 118 1 64 64 0.481
825 238 1 76 76 0.376
825 343 1 64 64 0.011
827 64 172 64 64 0.693
827 27 234 92 92 0.489
828 238 66 76 76 0.230
829 334 217 64 64 1.204
829 280 217 64 64 0.107
830 63 312 110 110 1.069
830 152 163 76 76 0.833
830 63 63 110 110 0.488
830 226 64 64 64 0.171
831 228 87 76 76 0.871
831 312 32 110 110 0.825
831 91 136 64 64 0.117
831 163 127 64 64 0.034
832 334 208 64 64 1.022
832 325 73 64 64 0.940
833 351 247 92 92 1.329
833 164 164 191 191 0.365
833 228 1 76 76 0.150
833 300 114 132 132 0.145
833 98 260 76 76 0.056
835 58 300 132 132 1.948
835 280 145 64 64 0.676
835 182 79 92 92 0.313
835 208 28 64 64 0.020
836 292 184 76 76 1.525
836 35 3 229 229 0.541
836 141 249 76 76 0.498
836 163 145 64 64 0.400
836 336 260 76 76 0.291
836 174 87 76 76 0.252
836 235 199 64 64 0.172
836 298 289 64 64 0.138
836 40 260 92 92 0.011
837 226 10 64 64 0.476
840 249 22 76 76 0.649
840 203 312 110 110 0.082
841 164 68 229 229 0.080
842 141 63 110 110 0.661
842 336 76 76 76 0.519
842 87 174 76 76 0.218
843 221 156 92 92 1.499
843 141 184 76 76 0.707
843 154 82 64 64 0.568
843 271 91 64 64 0.289
843 298 136 64 64 0.128
844 228 163 76 76 0.592
844 260 1 92 92 0.426
844 55 199 64 64 0.106
845 1 336 76 76 0.472
845 1 253 64 64 0.120
845 53 260 92 92 0.096
846 316 109 64 64 0.509
847 20 207 132 132 0.831
847 48 63 110 110 0.317
847 379 208 64 64 0.185
849 286 118 92 92 0.952
849 66 98 76 76 0.168
851 199 136 64 64 0.713
851 10 181 64 64 0.064
852 289 28 64 64 0.505
854 28 82 64 64 0.339
854 66 92 92 92 0.151
854 343 100 64 64 0.069
854 299 14 92 92 0.058
855 151 300 132 132 0.591
855 55 370 64 64 0.079
856 159 226 159 159 1.484
856 234 105 92 92 0.639
857 100 10 64 64 0.829
857 163 174 76 76 0.474
857 282 141 76 76 0.389
857 206 109 76 76 0.295
857 87 55 76 76 0.127
857 280 37 64 64 0.074
857 136 235 64 64 0.010
859 154 226 64 64 0.910
859 55 346 76 76 0.448
860 184 357 76 76 0.816
860 172 203 110 110 0.016
861 316 352 64 64 0.661
861 188 188 132 132 0.121
861 91 271 64 64 0.113
862 174 303 76 76 0.137
864 40 27 92 92 0.582
868 250 328 110 110 0.976
869 199 145 64 64 0.382
870 221 53 92 92 0.735
870 163 343 64 64 0.129
871 298 91 64 64 1.617
871 244 127 64 64 0.851
871 338 66 92 92 0.435
872 300 58 132 132 0.366
874 207 300 132 132 1.794
874 208 136 64 64 1.555
874 262 118 64 64 0.753
874 91 235 64 64 0.582
874 174 87 76 76 0.361
874 4 42 275 275 0.148
874 262 235 64 64 0.090
875 343 19 64 64 2.377
875 303 163 76 76 2.011
875 66 66 76 76 1.762
875 343 280 64 64 1.456
875 82 217 64 64 1.031
875 136 19 64 64 0.627
875 1 82 64 64 0.497
875 208 234 92 92 0.311
875 368 87 76 76 0.161
875 46 1 64 64 0.121
876 19 91 64 64 0.459
876 53 27 92 92 0.428
878 14 79 92 92 0.956
878 253 127 64 64 0.203
878 346 109 76 76 0.104
880 37 370 64 64 2.075
880 235 37 64 64 0.792
880 17 235 110 110 0.740
880 130 303 76 76 0.025
881 235 127 64 64 1.245
882 307 28 64 64 2.090
882 235 64 64 64 0.362
882 368 206 76 76 0.267
882 163 87 76 76 0.193
883 325 163 76 76 0.769
884 20 2 132 132 2.082
884 141 141 76 76 0.492
885 64 127 64 64 0.339
885 370 163 64 64 0.097
887 343 271 64 64 0.498
887 73 64 64 64 0.414
887 37 208 64 64 0.205
887 109 208 64 64 0.096
888 170 300 132 132 1.500
888 145 136 64 64 0.618
888 131 195 92 92 0.553
888 156 27 92 92 0.537
888 1 289 64 64 0.282
888 39 207 132 132 0.126
889 262 316 64 64 0.513
890 172 271 64 64 0.149
890 126 17 110 110 0.049
891 91 55 64 64 0.693
891 66 286 92 92 0.316
893 328 95 110 110 0.474
894 188 63 110 110 1.638
894 10 28 64 64 1.168
894 307 55 64 64 0.518
894 55 289 64 64 0.415
894 181 154 64 64 0.067
894 1 253 64 64 0.043
895 79 169 92 92 0.115
896 79 188 110 110 0.877
896 244 235 64 64 0.453
896 1 174 76 76 0.433
896 1 14 92 92 0.214
896 280 208 64 64 0.133
896 361 154 64 64 0.076
896 280 37 64 64 0.006
897 361 127 64 64 0.851
897 328 172 110 110 0.714
897 273 66 92 92 0.411
897 253 190 64 64 0.056
898 145 271 64 64 0.064
898 163 336 76 76 0.035
898 253 19 64 64 0.026
900 298 145 64 64 0.151
901 338 169 92 92 0.470
901 273 131 92 92 0.327
901 262 19 64 64 0.320
901 351 53 92 92 0.195
901 17 203 110 110 0.185
902 87 98 76 76 0.625
902 271 28 64 64 0.353
902 228 163 76 76 0.263
904 184 12 76 76 0.664
904 208 163 64 64 0.436
904 208 253 64 64 0.321
904 145 226 64 64 0.235
904 100 190 64 64 0.099
905 169 14 92 92 1.039
905 1 154 64 64 0.856
905 1 260 92 92 0.323
905 91 226 64 64 0.089
907 217 208 64 64 0.557
907 299 131 92 92 0.513
907 172 95 110 110 0.336
907 118 64 64 64 0.321
908 370 127 64 64 0.810
908 368 206 76 76 0.490
908 235 226 64 64 0.095
909 314 271 76 76 1.013
909 271 289 64 64 0.163
909 379 316 64 64 0.037
910 244 282 132 132 0.479
910 195 221 92 92 0.153
912 238 87 76 76 0.124
915 46 127 64 64 3.634
915 109 181 64 64 1.285
915 235 19 64 64 1.207
915 182 53 92 92 0.317
915 127 73 64 64 0.140
916 105 66 92 92 0.467
917 343 127 64 64 0.925
918 314 76 76 76 0.106
920 247 195 92 92 0.307
922 190 217 64 64 0.074
924 199 334 64 64 0.568
926 325 226 64 64 0.019
927 40 221 92 92 0.330
927 40 1 92 92 0.329
928 325 208 64 64 0.117
929 217 64 64 64 1.341
929 28 190 64 64 0.512
929 262 217 64 64 0.462
929 48 312 110 110 0.360
929 98 249 76 76 0.298
929 14 234 92 92 0.261
929 151 300 132 132 0.206
929 136 114 159 159 0.070
929 244 19 64 64 0.058
929 271 282 76 76 0.033
930 217 10 64 64 1.729
930 40 273 92 92 0.111
931 14 273 92 92 1.195
931 299 131 92 92 0.596
932 299 14 92 92 0.889
932 273 92 92 92 0.541
934 334 253 64 64 0.033
935 379 91 64 64 1.068
935 46 1 64 64 0.609
936 37 208 64 64 0.024
937 136 47 159 159 0.251
940 325 141 76 76 0.439
940 234 66 92 92 0.348
942 316 136 64 64 0.876
942 247 131 92 92 0.318
942 280 199 64 64 0.269
943 188 1 110 110 1.063
943 19 172 64 64 0.690
943 64 136 64 64 0.207
943 22 55 76 76 0.161
943 118 14 92 92 0.003
945 66 174 76 76 0.834
945 338 169 92 92 0.178
946 253 37 64 64 0.016
948 141 152 76 76 1.212
948 174 260 76 76 0.178
948 226 37 64 64 0.078
949 328 79 110 110 0.727
949 234 92 92 92 0.577
949 118 109 64 64 0.527
950 100 1 64 64 0.051
951 208 109 64 64 1.182
951 163 19 64 64 0.895
951 206 184 76 76 0.865
951 95 63 110 110 0.807
951 244 361 64 64 0.747
951 174 249 76 76 0.489
952 262 379 64 64 0.638
952 73 352 64 64 0.546
952 1 316 64 64 0.469
953 206 98 76 76 0.104
954 172 95 110 110 1.477
954 109 109 64 64 0.287
955 235 226 64 64 0.929
955 336 120 76 76 0.385
957 343 1 64 64 0.307
957 27 182 92 92 0.145
959 217 154 64 64 1.331
959 46 307 64 64 0.731
959 346 174 76 76 0.493
959 368 292 76 76 0.390
960 208 199 64 64 0.723
961 234 14 92 92 1.116
961 289 361 64 64 0.340
962 273 299 92 92 0.537
963 249 98 76 76 1.067
963 357 66 76 76 0.887
963 184 174 76 76 0.856
963 151 58 132 132 0.696
963 1 228 76 76 0.271
963 346 152 76 76 0.037
964 163 352 64 64 0.403
964 282 163 76 76 0.318
964 1 352 64 64 0.309
965 131 53 92 92 1.100
965 181 352 64 64 0.830
965 181 280 64 64 0.196
965 217 181 64 64 0.173
970 316 118 64 64 0.518
970 248 2 159 159 0.022
971 370 145 64 64 0.152
971 226 118 64 64 0.076
972 208 1 64 64 1.568
972 55 280 64 64 1.519
972 328 266 110 110 0.456
972 188 297 110 110 0.414
972 281 32 110 110 0.368
974 289 28 64 64 0.942
974 28 136 64 64 0.548
974 307 154 64 64 0.096
974 234 53 92 92 0.081
976 1 120 76 76 0.473
976 174 44 76 76 0.305
978 286 79 92 92 0.384
979 22 152 76 76 1.006
979 199 145 64 64 0.566
979 156 286 92 92 0.329
979 338 53 92 92 0.046
979 203 188 110 110 0.042
981 368 55 76 76 0.044
983 226 132 132 132 1.618
983 271 82 64 64 0.352
984 244 10 64 64 0.828
984 64 154 64 64 0.470
984 141 130 76 76 0.232
987 368 152 76 76 1.418
987 292 109 76 76 0.210
987 82 226 64 64 0.135
987 12 66 76 76 0.078
988 114 226 159 159 1.820
988 238 55 76 76 0.220
989 55 100 64 64 0.777
989 250 79 110 110 0.121
990 28 118 64 64 0.088
991 82 28 64 64 2.911
991 199 19 64 64 0.944
991 282 260 76 76 0.585
992 130 271 76 76 0.622
992 172 334 64 64 0.520
992 172 64 64 64 0.341
992 58 58 132 132 0.039
993 217 19 64 64 1.083
993 307 172 64 64 0.496
994 286 79 92 92 0.393
994 208 100 64 64 0.377
994 53 221 92 92 0.133
995 260 76 76 76 1.368
995 66 351 92 92 0.312
996 154 145 64 64 0.329
996 221 169 92 92 0.210
996 163 226 64 64 0.106
996 181 73 64 64 0.058
996 120 184 76 76 0.015
997 361 145 64 64 0.596
997 282 207 132 132 0.363
998 260 141 76 76 0.384
998 325 53 92 92 0.036
999 154 19 64 64 0.483
1000 207 39 132 132 1.162
1000 351 169 92 92 0.935
1000 263 226 132 132 0.853
1000 370 37 64 64 0.702
1000 92 14 92 92 0.383
1000 280 10 64 64 0.075
1000 361 253 64 64 0.027
