1 35 164 229 229 0.667
1 110 191 191 191 0.136
2 32 48 110 110 1.695
2 53 286 92 92 0.082
2 76 66 76 76 0.769
3 27 92 92 92 1.381
3 64 109 64 64 0.124
4 14 247 92 92 1.904
4 66 66 76 76 1.768
4 91 73 64 64 0.042
5 48 63 110 110 0.590
6 24 2 159 159 0.377
6 63 32 110 110 0.219
6 95 170 132 132 0.923
7 35 35 229 229 1.313
7 114 95 132 132 2.331
7 157 95 110 110 0.281
8 42 4 275 275 1.055
8 83 56 191 191 2.648
8 151 76 132 132 0.546
9 4 42 275 275 0.937
9 110 83 191 191 0.878
10 20 20 132 132 0.094
10 53 40 92 92 1.075
10 76 300 132 132 0.182
10 82 55 64 64 0.277
10 131 312 92 92 0.952
11 56 83 191 191 0.751
11 95 114 132 132 2.248
11 144 131 92 92 0.928
12 2 76 132 132 0.114
12 27 92 92 92 1.390
12 46 109 64 64 1.183
13 32 219 110 110 0.010
13 44 238 76 76 1.791
13 48 79 110 110 1.311
13 87 98 76 76 1.603
14 46 82 64 64 0.979
14 64 91 64 64 0.175
15 39 114 132 132 0.378
15 58 226 132 132 0.441
15 98 152 76 76 0.248
15 120 260 76 76 0.767
16 39 151 132 132 2.238
16 92 182 92 92 1.978
17 63 157 110 110 0.739
17 105 169 92 92 0.528
18 56 83 191 191 1.207
18 95 114 132 132 2.110
19 24 69 159 159 1.272
19 53 118 92 92 1.850
19 53 247 92 92 0.498
19 79 95 110 110 1.216
20 29 110 191 191 0.123
20 95 132 132 132 0.378
21 24 114 159 159 2.124
21 48 126 110 110 1.865
21 87 141 76 76 0.898
22 4 4 275 275 1.994
22 56 56 191 191 0.792
22 100 35 229 229 0.722
23 68 35 229 229 0.809
23 164 56 191 191 0.573
24 47 92 159 159 1.262
24 126 126 110 110 1.012
24 130 152 76 76 0.305
25 47 47 159 159 0.024
25 63 79 110 110 1.933
25 105 92 92 92 1.709
26 66 174 76 76 0.781
27 48 79 110 110 0.829
27 92 105 92 92 0.714
28 63 95 110 110 0.009
29 48 95 110 110 0.983
30 170 151 132 132 0.196
30 190 154 64 64 0.827
31 63 126 110 110 1.517
31 87 141 76 76 0.659
31 109 136 64 64 0.047
32 17 141 110 110 0.860
32 53 156 92 92 2.331
33 55 87 76 76 1.247
34 47 181 159 159 2.453
34 114 47 159 159 0.705
34 141 79 110 110 2.245
36 2 132 132 132 0.354
36 40 156 92 92 2.508
36 55 172 64 64 0.009
37 69 92 159 159 0.778
38 58 263 132 132 0.525
38 79 273 92 92 1.197
39 69 69 159 159 0.701
39 151 207 132 132 0.068
39 195 238 76 76 0.354
40 56 29 191 191 0.775
41 273 195 92 92 0.915
41 307 208 64 64 0.344
42 1 1 92 92 1.921
42 19 19 64 64 0.743
42 37 28 64 64 0.231
42 37 235 64 64 1.214
43 35 35 229 229 0.392
43 92 69 159 159 0.635
44 63 157 110 110 0.487
44 105 169 92 92 0.675
45 63 1 110 110 1.646
45 87 33 76 76 0.321
45 182 195 92 92 1.719
46 68 164 229 229 1.556
46 92 226 159 159 0.217
46 136 204 159 159 0.649
47 24 47 159 159 0.419
47 76 58 132 132 2.341
47 131 79 92 92 0.014
48 2 207 132 132 0.521
48 46 91 64 64 1.306
48 73 244 64 64 0.698
49 3 100 229 229 0.944
49 48 141 110 110 1.294
49 250 17 110 110 0.485
52 159 69 159 159 1.083
56 120 238 76 76 0.730
57 46 145 64 64 0.759
58 132 151 132 132 0.842
58 188 132 132 132 0.283
59 32 79 110 110 2.665
60 100 68 229 229 0.799
61 4 4 275 275 0.981
61 56 56 191 191 2.041
61 95 95 132 132 1.962
61 136 69 159 159 1.857
62 3 35 229 229 0.206
62 47 47 159 159 1.355
62 79 95 110 110 0.457
63 92 118 92 92 0.880
64 44 206 76 76 1.147
65 4 4 275 275 0.574
65 24 114 159 159 0.269
65 56 56 191 191 2.972
65 136 69 159 159 0.967
65 188 95 110 110 2.128
66 66 182 92 92 0.173
67 12 87 76 76 2.333
67 27 273 92 92 2.197
67 46 289 64 64 1.404
68 28 100 64 64 1.449
69 2 114 159 159 0.114
69 4 4 275 275 0.079
69 56 56 191 191 2.536
69 132 95 132 132 0.104
70 48 110 110 110 2.720
71 2 137 191 191 0.659
72 68 3 229 229 1.549
72 92 47 159 159 1.195
73 17 17 110 110 1.378
73 17 172 110 110 1.767
73 33 44 76 76 1.030
73 33 184 76 76 1.148
73 73 55 64 64 0.052
73 79 338 92 92 1.793
73 109 346 76 76 0.892
74 55 118 64 64 2.027
74 76 170 132 132 0.154
74 92 195 92 92 1.663
74 109 208 64 64 0.369
74 156 14 92 92 0.071
74 181 37 64 64 0.688
74 199 28 64 64 0.030
75 92 114 159 159 2.079
75 110 141 110 110 1.210
75 156 131 92 92 0.752
76 55 238 76 76 0.817
77 19 118 64 64 0.149
77 32 79 110 110 0.254
77 55 109 76 76 0.110
78 2 56 191 191 2.356
78 95 95 110 110 1.234
79 100 68 229 229 0.979
80 2 188 132 132 0.273
80 79 195 92 92 0.019
80 92 221 92 92 0.036
81 24 159 159 159 0.632
82 1 110 110 110 0.113
82 28 136 64 64 0.549
83 2 95 132 132 0.742
83 27 118 92 92 0.798
83 53 105 92 92 0.257
84 191 110 191 191 0.923
84 244 132 132 132 1.038
84 292 174 76 76 0.002
84 297 141 110 110 0.301
85 20 76 132 132 0.089
85 27 118 92 92 2.110
85 53 105 92 92 0.180
86 48 95 110 110 0.833
86 109 120 76 76 1.161
87 2 244 132 132 0.065
87 37 244 64 64 0.590
87 55 152 76 76 1.227
87 91 154 64 64 0.200
88 12 249 76 76 0.079
88 55 163 64 64 0.655
90 6 6 396 396 0.383
90 81 81 275 275 1.326
90 159 42 275 275 0.350
90 191 83 191 191 0.644
91 2 69 159 159 0.008
91 32 95 110 110 0.070
91 66 120 76 76 0.391
91 100 118 64 64 0.570
93 69 47 159 159 2.191
93 141 95 110 110 0.540
94 2 24 159 159 0.051
94 17 63 110 110 2.228
94 55 66 76 76 0.917
95 53 169 92 92 0.820
96 1 126 110 110 0.291
96 22 130 76 76 2.233
96 55 145 64 64 0.205
97 14 53 92 92 2.314
97 14 312 92 92 1.151
97 28 73 64 64 1.836
97 28 325 64 64 1.167
97 32 172 110 110 0.265
97 44 55 76 76 0.481
97 55 195 76 76 1.473
98 63 157 110 110 0.220
99 66 156 92 92 0.561
100 248 47 159 159 0.250
100 281 95 110 110 2.047
100 292 98 76 76 0.384
101 29 2 191 191 0.939
101 76 39 132 132 2.795
101 92 40 92 92 0.763
101 130 44 76 76 0.302
102 95 95 110 110 0.314
103 120 4 275 275 0.706
103 164 83 191 191 0.929
103 226 92 159 159 1.067
103 250 126 110 110 0.266
104 131 79 92 92 0.730
104 132 58 132 132 1.536
105 39 95 132 132 0.397
105 79 118 92 92 0.660
106 66 163 76 76 1.952
106 79 32 110 110 0.513
106 79 144 92 92 0.145
106 87 314 76 76 1.559
106 91 163 64 64 0.756
106 98 44 76 76 2.366
107 29 83 191 191 0.063
107 58 95 132 132 1.158 
107 145 136 64 64 0.305
108 2 83 191 191 0.369
108 69 92 159 159 1.580
